100
3 1 5 15 13 11
3 0 8 23 22 21
3 0 10 26 27 27
2 2 4 4 26
1 0 8 12
1 1 8 21
3 2 0 21 15 29
3 3 7 9 8 8
2 2 5 7 27
3 1 8 21 21 21
3 0 3 6 5 6
1 0 4 2
2 0 8 24 12
1 1 8 22
3 3 1 22 15 27
3 0 5 19 4 19
1 0 7 17
3 2 3 20 1 26
3 3 4 27 15 26
1 1 2 11
2 1 3 13 16
3 0 4 1 15 29
1 1 9 12
3 0 8 8 20 26
1 1 6 5
1 0 1 1
1 1 6 4
2 2 0 23 28
1 1 0 25
2 0 8 20 22
3 1 2 8 28 13
2 0 5 29 27
2 1 2 3 28
3 3 4 8 8 13
2 0 7 29 4
1 0 7 10
3 3 4 12 18 6
2 2 5 5 23
3 1 8 22 21 20
2 0 5 14 12
2 1 4 7 1
2 0 2 29 3
3 0 1 20 11 30
2 1 7 18 17
3 0 1 2 13 8
3 0 1 0 0 0
3 3 0 23 8 26
2 0 0 17 5
1 0 5 11
2 2 7 17 8
3 2 3 5 5 5
3 0 9 7 21 19
1 0 10 26
1 0 3 1
1 1 5 11
3 1 2 3 3 18
2 0 5 25 11
2 1 5 25 0
3 1 4 8 9 9
1 1 4 28
2 0 5 20 5
3 2 10 6 11 5
2 0 10 30 30
3 0 9 5 23 23
3 1 4 13 3 11
1 1 5 19
3 3 7 3 28 12
2 0 6 10 15
3 0 10 7 27 27
2 2 9 19 27
3 0 3 19 13 14
2 0 5 12 28
2 0 10 8 26
1 0 5 12
2 1 1 0 26
1 1 0 12
3 0 5 24 11 11
3 2 10 10 1 28
2 2 3 3 24
3 1 10 26 26 12
3 3 5 13 4 16
3 1 6 30 15 14
2 0 6 15 15
1 1 3 20
2 0 9 23 17
3 0 10 26 27 25
1 0 10 16
2 0 6 17 9
3 3 9 23 2 23
1 1 1 27
3 3 10 25 15 3
2 0 0 30 30
3 0 0 0 0 0
3 1 3 5 16 5
3 2 2 17 21 25
2 0 9 7 23
3 2 4 24 24 0
2 1 2 1 20
1 0 9 14
1 0 6 14
