100
3 1 5 15 13 11
3 0 8 23 22 21
1 0 2 3
3 2 6 22 23 1
2 0 2 29 28
1 1 0 3
1 0 8 20
1 0 9 6
3 0 6 27 30 21
1 0 9 23
1 0 9 23
3 3 2 28 17 25
1 1 6 20
3 2 2 27 22 13
3 0 1 6 19 1
2 0 3 19 5
3 0 4 1 9 3
2 1 1 4 16
1 1 4 4
2 2 5 8 18
2 0 1 0 0
1 0 3 26
1 1 1 19
2 1 0 21 5
3 0 10 27 27 22
3 1 9 23 21 24
2 2 8 16 14
1 0 9 24
1 1 9 20
1 0 6 14
3 0 6 24 3 15
3 3 0 7 22 8
1 0 5 29
2 0 5 12 12
2 1 1 4 2
2 0 1 7 30
1 0 3 5
3 0 2 18 4 25
2 0 8 20 21
1 0 4 8
2 0 5 2 23
2 0 2 3 8
1 0 10 30
3 1 8 21 21 18
1 0 4 8
1 1 3 16
1 0 6 15
1 1 2 20
3 0 2 2 3 3
3 0 5 12 12 4
3 0 7 6 18 7
1 0 10 27
1 0 5 1
3 0 0 0 0 0
3 0 2 2 0 29
1 0 2 9
1 1 8 23
2 0 1 20 15
1 0 2 2
3 3 2 25 16 9
3 0 2 1 2 13
3 1 5 11 10 30
3 0 8 6 20 30
3 3 10 6 23 25
3 2 1 18 26 0
2 1 3 6 5
3 0 6 1 15 4
3 3 8 24 7 13
2 0 10 13 26
1 0 7 11
3 1 7 10 17 17
2 0 7 27 17
3 3 7 26 4 5
3 3 0 5 9 28
1 0 5 11
1 0 8 21
3 0 6 14 14 14
3 0 0 29 11 3
3 3 2 15 8 9
2 0 10 9 15
2 2 8 5 6
2 0 3 6 6
3 1 3 7 30 7
1 0 7 5
3 0 5 11 12 11
3 2 0 4 21 10
1 1 1 25
3 0 9 18 9 21
2 0 2 3 2
1 0 9 24
2 0 10 27 27
2 2 4 27 11
3 1 3 15 13 12
3 3 1 18 13 4
1 0 8 20
1 0 6 6
3 0 0 30 30 30
1 0 9 23
3 3 10 22 15 23
2 0 7 18 18
